0S,0C
0 0
1492 1
1722 1
1722 1
1722 1
1731 1
1722 1
1725 1
1722 1
1731 1
1725 1
1725 1
1725 1
1275 1
1968 1
60793 1
1937 1
11126 1
1909 1
3196518 1
28734 1
30143 1
28568 1
13153 1
25594 1
2525 1
12958 1
29889 1
23490 1
29958 1
1928 1
379899 1
379629 1
13837 1
15767 1
29279 1
29328 1
149708 1
13349 1
149682 1
149659 1
13669 1
29349 1
10275 1
28906 1
28851 1
30037 1
13811 1
8842 1
28705 1
28705 1
8712 1
29136 1
28587 1
149552 1
8637 1
28705 1
149288 1
8950 1
27887 1
2769 1
102173 1
28681 1
957984 1
315609 1
316275 1
27951 1
27950 1
386344 1
4702 1
87064 1
149636 1
365631 1
64477 1
149574 1
31838 1
388057 1
468980 1
388252 1
12901 1
380516 1
379788 1
380362 1
382624 1
30839 1
1248 1
56576 1
23483 1
381639 1
382128 1
459968 1
458236 1
88665 1
4976 1
1258 1
5315 1
1227 1
7258 1
5139 1
5137 1
7656 1
17702 1
28429 1
964516 1
1742 1
1742 1
28657 1
28787 1
28620 1
28513 1
126942 1
37785 1
127662 1
1742 1
6763 1
341919 1
20329 1
6777 1
